26.226 146.154
145.236 298.222
60.68 110.33
151.140 29.110
253.93 17.90
120.183 256.43
259.183 299.90
111.201 70.157
105.215 161.165
242.185 215.118
68.188 42.124
10.217 103.200
51.129 167.124
24.183 172.67
268.155 31.146
32.218 137.187
255.210 160.166
159.142 290.142
134.234 154.149
62.133 296.23
21.221 210.183
253.166 18.91
33.68 131.67
103.174 228.159
134.221 248.108
204.81 187.58
173.111 73.51
13.213 221.204
81.98 221.39
33.183 251.12
281.161 169.110
187.221 19.24
49.70 287.33
243.205 27.76
146.151 249.97
226.192 200.167
90.122 276.39
285.114 246.103
139.112 158.55
55.228 287.40
172.175 153.152
166.60 17.24
163.218 52.158
35.198 74.21
229.170 54.47
164.168 67.160
26.125 113.90
153.206 62.50
167.73 50.45
117.236 291.207
35.209 78.121
184.131 97.89
126.239 148.57
15.193 176.137
88.208 91.22
274.220 88.218
235.175 286.115
175.120 36.53
118.79 23.29
284.179 189.131
73.220 21.119
99.218 262.59
79.52 249.45
265.148 254.64
180.117 94.22
248.85 227.50
194.188 261.80
290.140 31.125
200.202 274.187
167.212 76.156
49.143 23.33
104.72 73.24
178.78 59.21
167.209 111.193
131.70 205.47
275.128 69.86
212.122 71.49
96.198 261.58
291.156 231.80
107.168 145.38
181.178 196.47
126.213 246.129
214.67 152.42
138.201 193.15
91.179 257.89
71.137 112.105
12.142 144.25
82.44 192.36
63.153 262.134
185.221 145.214
90.120 168.120
7.204 244.165
295.161 43.114
108.191 187.122
266.97 237.88
263.192 38.73
169.166 252.133
18.147 148.134
65.103 201.64
164.190 225.184
102.72 62.35
169.198 80.115
65.136 197.49
262.221 112.99
35.217 62.173
46.134 282.131
132.208 276.172
91.227 149.79
299.207 244.62
96.174 19.137
170.117 15.90
59.31 143.27
211.192 107.71
30.195 21.107
123.140 253.67
240.144 164.122
17.228 63.24
25.216 129.211
105.238 250.176
150.200 183.37
11.173 80.61
20.233 51.192
100.164 118.46
97.132 178.128
30.38 241.37
103.182 253.97
24.194 184.139
174.109 267.34
280.136 40.25
257.240 194.136
33.238 51.232
100.152 164.112
17.191 281.141
120.202 199.31
84.200 150.96
202.165 130.35
200.168 41.110
51.151 253.68
254.223 131.154
18.163 108.162
180.155 94.68
171.144 204.54
273.157 112.46
50.173 221.49
136.60 115.20
264.76 133.39
76.207 133.49
34.206 215.167
83.222 146.184
54.201 77.155
224.103 30.81
296.49 166.29
21.36 286.33
182.231 262.221
182.138 67.122
265.142 289.139
22.98 188.89
123.104 137.87
172.226 221.180
256.235 250.158
267.185 215.176
138.231 290.112
113.180 70.117
199.159 135.107
47.179 139.87
240.224 37.125
74.54 276.23
182.165 252.30
223.165 166.128
254.105 247.74
265.155 259.64
178.180 125.94
156.206 180.55
51.155 280.25
18.176 136.171
229.240 197.67
89.229 214.101
121.219 284.41
39.172 45.19
49.53 152.34
44.89 158.88
37.210 196.127
214.187 175.160
115.220 211.121
253.113 39.101
260.184 132.158
95.199 81.195
291.170 113.93
266.207 28.86
154.171 173.132
260.210 121.146
295.227 273.93
299.133 190.52
134.177 268.163
31.217 256.196
66.75 108.47
27.238 59.113
179.98 77.98
208.190 214.120
180.119 170.21
50.190 152.43
108.152 228.132
277.153 193.118
142.127 132.31
147.123 175.50
148.226 240.89
211.203 55.37
152.97 280.66
44.144 29.94
187.121 152.52
153.207 68.169
263.179 254.27
25.172 178.159
168.189 256.32
133.195 184.109
168.106 46.104
72.230 292.92
144.197 104.59
262.212 34.205
168.93 203.66
168.122 286.109
208.203 220.157
62.169 288.152
97.24 45.23
22.197 178.106
233.119 224.88
177.58 107.25
184.177 288.46
29.228 21.110
227.202 184.64
260.195 227.127
88.224 162.191
196.203 159.68
63.122 222.63
51.97 208.22
44.176 261.153
243.211 159.196
164.226 221.217
9.198 121.149
169.172 113.90
174.181 256.84
95.166 47.53
109.128 283.50
22.139 53.55
67.222 225.145
291.168 163.141
192.183 66.103
122.236 64.147
166.198 210.77
223.189 169.113
280.88 56.57
214.194 244.31
169.160 207.82
249.236 117.98
198.110 212.84
187.185 199.28
182.161 122.120
217.174 44.144
14.199 217.183
196.68 252.31
256.181 280.126
147.189 47.124
216.193 138.174
222.85 84.70
181.127 94.105
92.164 279.76
76.141 298.92
80.231 256.207
73.232 229.55
59.185 74.180
84.238 186.98
99.74 138.67
194.125 205.118
237.105 209.33
273.98 60.32
253.231 242.33
126.122 124.60
285.224 31.184
183.150 214.145
94.236 56.61
14.207 85.104
225.39 38.37
104.180 127.95
278.140 285.85
222.162 47.39
233.181 222.151
264.72 253.53
168.122 269.67
148.90 137.58
75.226 40.176
28.86 76.34
300.193 274.82
35.172 25.92
82.195 80.157
39.41 206.22
150.74 51.62
190.192 115.129
279.189 12.116
201.156 94.57
117.182 65.77
99.152 33.50
282.159 284.81
283.209 149.174
202.148 191.92
151.58 63.26
244.214 193.177
144.209 242.59
241.217 21.106
101.206 72.93
237.147 191.45
218.200 137.189
260.63 146.56
285.59 12.26
76.230 205.24
151.134 111.86
258.111 97.69
177.203 154.77
55.231 297.152
289.233 51.107
139.160 294.63
65.181 37.42
19.229 281.158
184.187 178.30
90.220 296.32
201.227 152.68
29.194 21.152
183.81 188.29
101.137 216.42
235.156 99.103
42.192 205.32
30.202 274.95
34.202 152.86
184.151 169.36
21.160 277.133
221.234 284.119
178.79 78.51
48.113 253.51
63.126 131.115
229.196 171.163
142.224 119.73
295.144 128.21
234.82 175.43
44.235 253.221
160.237 211.236
141.187 36.38
162.229 150.168
174.204 157.65
116.200 215.180
185.180 271.38
78.204 89.159
260.212 168.42
87.151 180.39
249.71 218.28
230.95 291.60
207.101 159.88
249.140 255.52
229.184 254.176
106.168 64.50
227.204 61.80
144.239 265.155
232.222 222.195
102.219 266.170
85.226 36.121
104.151 264.139
70.228 270.211
6.166 231.21
59.135 264.64
196.112 237.62
27.236 156.55
105.219 282.212
101.216 226.111
142.97 75.33
102.130 248.40
217.173 186.112
297.189 17.101
153.240 155.127
19.146 87.94
72.86 58.47
73.221 92.201
126.231 123.221
187.226 207.112
275.215 184.97
14.139 262.77
13.187 170.79
200.110 9.93
276.119 67.51
211.147 147.129
149.157 154.104
232.178 212.88
126.93 187.75
98.221 142.174
92.203 144.133
129.207 101.133
155.108 63.102
200.224 62.91
23.191 33.128
134.153 255.52
66.227 218.34
280.128 56.23
139.178 153.82
218.150 166.50
166.90 122.80
146.202 295.74
268.124 241.36
192.229 257.120
178.208 142.141
75.113 19.53
70.179 93.154
70.208 293.151
93.139 271.105
216.147 30.115
49.220 193.110
101.178 200.97
107.80 98.62
218.177 264.101
154.211 254.106
185.174 146.119
50.229 198.202
162.199 125.25
109.178 150.170
137.220 185.124
196.211 288.33
87.135 123.59
71.191 185.33
296.119 140.24
108.210 125.70
111.178 178.29
243.226 68.185
263.200 18.47
39.230 56.121
230.147 152.87
280.151 156.96
158.178 56.145
88.49 283.48
169.210 267.86
235.63 183.44
254.220 221.28
62.169 156.143
36.156 238.62
247.190 217.157
281.125 224.124
69.123 168.120
